    unsorted:	 1.590321187 0.6252739345 14.30725299
      sorted:	 0.6252739345 1.590321187 14.30725299
