    unsorted:	 3.095775959 1.366705707 0.1152365034
      sorted:	 0.1152365034 1.366705707 3.095775959
