    unsorted:	 1.538646416 0.6606043009 14.21951960
      sorted:	 0.6606043009 1.538646416 14.21951960
